176065325000683733440042693569152310802
10402808247858130792858615199687703723
10434869022523419061836796049774021954
164907066334721617421889227316310813603
136264020288424157238052781217443191235
25338957787361055361489565711599289947
164907066334721617421889227316310813603
27973982923996265149613399146962800486
173804709639452570601388389550261292460
10434869022523419061836796049774021954
164907066334721617421889227316310813603
16749437072829074594362058752702047065
146073598308550053763636848597395216084
10434869022523419061836796049774021954
48484333844628360634845463641068903412
27973982923996265149613399146962800486
87319884497078855684343821373734661391
136264020288424157238052781217443191235
10402808247858130792858615199687703723
48484333844628360634845463641068903412
164907066334721617421889227316310813603
147584613743923306520864322406096398320
87319884497078855684343821373734661391
199749788415538129623919375224380824567
199749788415538129623919375224380824567
164907066334721617421889227316310813603
160536998959416561378685210244963604845
10434869022523419061836796049774021954
164907066334721617421889227316310813603
27973982923996265149613399146962800486
136264020288424157238052781217443191235
164907066334721617421889227316310813603
63501447055723875940372742669802480307
136264020288424157238052781217443191235
3011949387000455772254225993807936209
184138966666940079669331831436958153500
146073598308550053763636848597395216084
27973982923996265149613399146962800486
10434869022523419061836796049774021954
164907066334721617421889227316310813603
155262712678882474988962910290487223582
87319884497078855684343821373734661391
8833433864979448105565838344513784593
73161948019121782858073877478512311500
48484333844628360634845463641068903412
27973982923996265149613399146962800486
81545758425428024132365916988065145191
187006064827119397567143716753146255627
48484333844628360634845463641068903412
164907066334721617421889227316310813603
187006064827119397567143716753146255627
199749788415538129623919375224380824567
85966326729149150175290786626579415147
136264020288424157238052781217443191235
81545758425428024132365916988065145191
87319884497078855684343821373734661391
27973982923996265149613399146962800486
173804709639452570601388389550261292460
3011949387000455772254225993807936209
164907066334721617421889227316310813603
136264020288424157238052781217443191235
10402808247858130792858615199687703723
164907066334721617421889227316310813603
187006064827119397567143716753146255627
164907066334721617421889227316310813603
85966326729149150175290786626579415147
87319884497078855684343821373734661391
31072620744729791887334290367026613688
10434869022523419061836796049774021954
10402808247858130792858615199687703723
164907066334721617421889227316310813603
85966326729149150175290786626579415147
81545758425428024132365916988065145191
187006064827119397567143716753146255627
184138966666940079669331831436958153500
173804709639452570601388389550261292460
40618704646921983665772098281902830583
164907066334721617421889227316310813603
132050700232733568532123548887339894689
10402808247858130792858615199687703723
136264020288424157238052781217443191235
27973982923996265149613399146962800486
173804709639452570601388389550261292460
10434869022523419061836796049774021954
81545758425428024132365916988065145191
164907066334721617421889227316310813603
147584613743923306520864322406096398320
87319884497078855684343821373734661391
199749788415538129623919375224380824567
199749788415538129623919375224380824567
164907066334721617421889227316310813603
160536998959416561378685210244963604845
10434869022523419061836796049774021954
164907066334721617421889227316310813603
27973982923996265149613399146962800486
136264020288424157238052781217443191235
164907066334721617421889227316310813603
63501447055723875940372742669802480307
136264020288424157238052781217443191235
3011949387000455772254225993807936209
184138966666940079669331831436958153500
146073598308550053763636848597395216084
27973982923996265149613399146962800486
10434869022523419061836796049774021954
164907066334721617421889227316310813603
48484333844628360634845463641068903412
136264020288424157238052781217443191235
3011949387000455772254225993807936209
10434869022523419061836796049774021954
164907066334721617421889227316310813603
187006064827119397567143716753146255627
164907066334721617421889227316310813603
31072620744729791887334290367026613688
10434869022523419061836796049774021954
81545758425428024132365916988065145191
188933103934669806199539364333077719574
164907066334721617421889227316310813603
199749788415538129623919375224380824567
187006064827119397567143716753146255627
81545758425428024132365916988065145191
85966326729149150175290786626579415147
10434869022523419061836796049774021954
164907066334721617421889227316310813603
10434869022523419061836796049774021954
47764930263902994850585190155860894880
184138966666940079669331831436958153500
136264020288424157238052781217443191235
10402808247858130792858615199687703723
10434869022523419061836796049774021954
10402808247858130792858615199687703723
27973982923996265149613399146962800486
87319884497078855684343821373734661391
187006064827119397567143716753146255627
27973982923996265149613399146962800486
87319884497078855684343821373734661391
136264020288424157238052781217443191235
10402808247858130792858615199687703723
164907066334721617421889227316310813603
147584613743923306520864322406096398320
87319884497078855684343821373734661391
27973982923996265149613399146962800486
173804709639452570601388389550261292460
164907066334721617421889227316310813603
187006064827119397567143716753146255627
164907066334721617421889227316310813603
3011949387000455772254225993807936209
136264020288424157238052781217443191235
57931500815641242930260069466556338050
146073598308550053763636848597395216084
199749788415538129623919375224380824567
146073598308550053763636848597395216084
48484333844628360634845463641068903412
61663397126590703557481692063542092619
164907066334721617421889227316310813603
188933103934669806199539364333077719574
136264020288424157238052781217443191235
146073598308550053763636848597395216084
90315076918474566017861905941785438011
199749788415538129623919375224380824567
199749788415538129623919375224380824567
164907066334721617421889227316310813603
10402808247858130792858615199687703723
10434869022523419061836796049774021954
10434869022523419061836796049774021954
57931500815641242930260069466556338050
164907066334721617421889227316310813603
27973982923996265149613399146962800486
136264020288424157238052781217443191235
164907066334721617421889227316310813603
57931500815641242930260069466556338050
136264020288424157238052781217443191235
164907066334721617421889227316310813603
27973982923996265149613399146962800486
173804709639452570601388389550261292460
87319884497078855684343821373734661391
48484333844628360634845463641068903412
164907066334721617421889227316310813603
160536998959416561378685210244963604845
188933103934669806199539364333077719574
164907066334721617421889227316310813603
173804709639452570601388389550261292460
187006064827119397567143716753146255627
10402808247858130792858615199687703723
57931500815641242930260069466556338050
