565749142750940597596810905409331401191514862956038224958318
473920542043021499794754563948178460084976452795571944785077
150910815847370450150941910215627662032245139031250764329985
438496268341691123304354850886580300363652547896470546343276
610912299451899584692764908568111347667964039922908167468728
540902442254852064981867858000984703769179541410434287283002
150910815847370450150941910215627662032245139031250764329985
631136528220450003289496389797344817690502892687634318895631
60297170585572123052020352237020798322507814333723706114193
342395475818258633913501079343849053499731229132165902008900
438496268341691123304354850886580300363652547896470546343276
150910815847370450150941910215627662032245139031250764329985
780130480978478301263773572715551281706704380825437180527881
792459134976884574652656124296715746588468954238377893464932
540902442254852064981867858000984703769179541410434287283002
342395475818258633913501079343849053499731229132165902008900
438496268341691123304354850886580300363652547896470546343276
1016512208402597034906963551225295545089822763486196263104966
1024404226778754306766385283659499246426654583598391942622839
473920542043021499794754563948178460084976452795571944785077
150910815847370450150941910215627662032245139031250764329985
1024404226778754306766385283659499246426654583598391942622839
672351750549768834054739530795863127552461836180795911696213
150910815847370450150941910215627662032245139031250764329985
438496268341691123304354850886580300363652547896470546343276
610912299451899584692764908568111347667964039922908167468728
540902442254852064981867858000984703769179541410434287283002
150910815847370450150941910215627662032245139031250764329985
540902442254852064981867858000984703769179541410434287283002
567972858186114004587242736290265257343183915962609959136446
60297170585572123052020352237020798322507814333723706114193
450824641058204935553240691068752650964818579224031761923499
1006395469645992506720386540654088768759969727044174415895398
150910815847370450150941910215627662032245139031250764329985
858434592018818750877237904253079311047657807577891473892061
423177982865026483084295018734415384715232797668325197433737
1016512208402597034906963551225295545089822763486196263104966
438496268341691123304354850886580300363652547896470546343276
540902442254852064981867858000984703769179541410434287283002
150910815847370450150941910215627662032245139031250764329985
686877803380276158799944874262919527636064564400792137135535
438496268341691123304354850886580300363652547896470546343276
610912299451899584692764908568111347667964039922908167468728
540902442254852064981867858000984703769179541410434287283002
150910815847370450150941910215627662032245139031250764329985
536110321478271142135621425218175586820822554983414802600265
1016512208402597034906963551225295545089822763486196263104966
540902442254852064981867858000984703769179541410434287283002
150910815847370450150941910215627662032245139031250764329985
1016512208402597034906963551225295545089822763486196263104966
342395475818258633913501079343849053499731229132165902008900
150910815847370450150941910215627662032245139031250764329985
10964788847079837335399889592971258623642963852042080789250
60297170585572123052020352237020798322507814333723706114193
342395475818258633913501079343849053499731229132165902008900
438496268341691123304354850886580300363652547896470546343276
686877803380276158799944874262919527636064564400792137135535
150910815847370450150941910215627662032245139031250764329985
438496268341691123304354850886580300363652547896470546343276
1024404226778754306766385283659499246426654583598391942622839
150910815847370450150941910215627662032245139031250764329985
423177982865026483084295018734415384715232797668325197433737
540902442254852064981867858000984703769179541410434287283002
10964788847079837335399889592971258623642963852042080789250
540902442254852064981867858000984703769179541410434287283002
1016512208402597034906963551225295545089822763486196263104966
978995497544661625535359900867796868553938329350448625455318
540902442254852064981867858000984703769179541410434287283002
150910815847370450150941910215627662032245139031250764329985
60297170585572123052020352237020798322507814333723706114193
536110321478271142135621425218175586820822554983414802600265
536110321478271142135621425218175586820822554983414802600265
1016512208402597034906963551225295545089822763486196263104966
438496268341691123304354850886580300363652547896470546343276
1016512208402597034906963551225295545089822763486196263104966
1024404226778754306766385283659499246426654583598391942622839
473920542043021499794754563948178460084976452795571944785077
60297170585572123052020352237020798322507814333723706114193
631136528220450003289496389797344817690502892687634318895631
150910815847370450150941910215627662032245139031250764329985
540902442254852064981867858000984703769179541410434287283002
567972858186114004587242736290265257343183915962609959136446
438496268341691123304354850886580300363652547896470546343276
423177982865026483084295018734415384715232797668325197433737
60297170585572123052020352237020798322507814333723706114193
150910815847370450150941910215627662032245139031250764329985
10964788847079837335399889592971258623642963852042080789250
423177982865026483084295018734415384715232797668325197433737
540902442254852064981867858000984703769179541410434287283002
536110321478271142135621425218175586820822554983414802600265
1016512208402597034906963551225295545089822763486196263104966
438496268341691123304354850886580300363652547896470546343276
1026484896522915129481590608975600228006586757270774020591916
150910815847370450150941910215627662032245139031250764329985
729199522661253049176135800175564133776579681235774333868279
1024404226778754306766385283659499246426654583598391942622839
150910815847370450150941910215627662032245139031250764329985
473920542043021499794754563948178460084976452795571944785077
1024404226778754306766385283659499246426654583598391942622839
438496268341691123304354850886580300363652547896470546343276
150910815847370450150941910215627662032245139031250764329985
438496268341691123304354850886580300363652547896470546343276
540902442254852064981867858000984703769179541410434287283002
631136528220450003289496389797344817690502892687634318895631
631136528220450003289496389797344817690502892687634318895631
150910815847370450150941910215627662032245139031250764329985
60297170585572123052020352237020798322507814333723706114193
473920542043021499794754563948178460084976452795571944785077
985990629271087845234757194297292730373095902753984940535134
1024404226778754306766385283659499246426654583598391942622839
473920542043021499794754563948178460084976452795571944785077
540902442254852064981867858000984703769179541410434287283002
150910815847370450150941910215627662032245139031250764329985
60297170585572123052020352237020798322507814333723706114193
993043209433877390590183570690140768042388711640647395604884
1024404226778754306766385283659499246426654583598391942622839
792459134976884574652656124296715746588468954238377893464932
438496268341691123304354850886580300363652547896470546343276
150910815847370450150941910215627662032245139031250764329985
438496268341691123304354850886580300363652547896470546343276
610912299451899584692764908568111347667964039922908167468728
1016512208402597034906963551225295545089822763486196263104966
342395475818258633913501079343849053499731229132165902008900
150910815847370450150941910215627662032245139031250764329985
450824641058204935553240691068752650964818579224031761923499
540902442254852064981867858000984703769179541410434287283002
342395475818258633913501079343849053499731229132165902008900
342395475818258633913501079343849053499731229132165902008900
60297170585572123052020352237020798322507814333723706114193
741676139414281910393820911664333075948564812806673676990564
540902442254852064981867858000984703769179541410434287283002
1006395469645992506720386540654088768759969727044174415895398
150910815847370450150941910215627662032245139031250764329985
985990629271087845234757194297292730373095902753984940535134
1024404226778754306766385283659499246426654583598391942622839
792459134976884574652656124296715746588468954238377893464932
686877803380276158799944874262919527636064564400792137135535
631136528220450003289496389797344817690502892687634318895631
631136528220450003289496389797344817690502892687634318895631
150910815847370450150941910215627662032245139031250764329985
1024404226778754306766385283659499246426654583598391942622839
473920542043021499794754563948178460084976452795571944785077
631136528220450003289496389797344817690502892687634318895631
985990629271087845234757194297292730373095902753984940535134
150910815847370450150941910215627662032245139031250764329985
741676139414281910393820911664333075948564812806673676990564
540902442254852064981867858000984703769179541410434287283002
438496268341691123304354850886580300363652547896470546343276
150910815847370450150941910215627662032245139031250764329985
438496268341691123304354850886580300363652547896470546343276
610912299451899584692764908568111347667964039922908167468728
540902442254852064981867858000984703769179541410434287283002
150910815847370450150941910215627662032245139031250764329985
540902442254852064981867858000984703769179541410434287283002
567972858186114004587242736290265257343183915962609959136446
438496268341691123304354850886580300363652547896470546343276
423177982865026483084295018734415384715232797668325197433737
60297170585572123052020352237020798322507814333723706114193
150910815847370450150941910215627662032245139031250764329985
10964788847079837335399889592971258623642963852042080789250
423177982865026483084295018734415384715232797668325197433737
540902442254852064981867858000984703769179541410434287283002
536110321478271142135621425218175586820822554983414802600265
1016512208402597034906963551225295545089822763486196263104966
438496268341691123304354850886580300363652547896470546343276
150910815847370450150941910215627662032245139031250764329985
1016512208402597034906963551225295545089822763486196263104966
672351750549768834054739530795863127552461836180795911696213
150910815847370450150941910215627662032245139031250764329985
985990629271087845234757194297292730373095902753984940535134
1024404226778754306766385283659499246426654583598391942622839
792459134976884574652656124296715746588468954238377893464932
150910815847370450150941910215627662032245139031250764329985
858434592018818750877237904253079311047657807577891473892061
423177982865026483084295018734415384715232797668325197433737
1016512208402597034906963551225295545089822763486196263104966
438496268341691123304354850886580300363652547896470546343276
540902442254852064981867858000984703769179541410434287283002
150910815847370450150941910215627662032245139031250764329985
438496268341691123304354850886580300363652547896470546343276
610912299451899584692764908568111347667964039922908167468728
1016512208402597034906963551225295545089822763486196263104966
342395475818258633913501079343849053499731229132165902008900
150910815847370450150941910215627662032245139031250764329985
126774405556229106327134114277447457621854135171632081241465
616901935988836501928888278131019496171533976403177420682181
729199522661253049176135800175564133776579681235774333868279
150910815847370450150941910215627662032245139031250764329985
985990629271087845234757194297292730373095902753984940535134
1024404226778754306766385283659499246426654583598391942622839
792459134976884574652656124296715746588468954238377893464932
686877803380276158799944874262919527636064564400792137135535
978995497544661625535359900867796868553938329350448625455318
540902442254852064981867858000984703769179541410434287283002
150910815847370450150941910215627662032245139031250764329985
342395475818258633913501079343849053499731229132165902008900
792459134976884574652656124296715746588468954238377893464932
993043209433877390590183570690140768042388711640647395604884
450824641058204935553240691068752650964818579224031761923499
1016512208402597034906963551225295545089822763486196263104966
438496268341691123304354850886580300363652547896470546343276
438496268341691123304354850886580300363652547896470546343276
540902442254852064981867858000984703769179541410434287283002
536110321478271142135621425218175586820822554983414802600265
150910815847370450150941910215627662032245139031250764329985
985990629271087845234757194297292730373095902753984940535134
1024404226778754306766385283659499246426654583598391942622839
792459134976884574652656124296715746588468954238377893464932
423177982865026483084295018734415384715232797668325197433737
150910815847370450150941910215627662032245139031250764329985
342395475818258633913501079343849053499731229132165902008900
1024404226778754306766385283659499246426654583598391942622839
631136528220450003289496389797344817690502892687634318895631
792459134976884574652656124296715746588468954238377893464932
438496268341691123304354850886580300363652547896470546343276
1016512208402597034906963551225295545089822763486196263104966
1024404226778754306766385283659499246426654583598391942622839
473920542043021499794754563948178460084976452795571944785077
150910815847370450150941910215627662032245139031250764329985
438496268341691123304354850886580300363652547896470546343276
1024404226778754306766385283659499246426654583598391942622839
150910815847370450150941910215627662032245139031250764329985
438496268341691123304354850886580300363652547896470546343276
610912299451899584692764908568111347667964039922908167468728
1016512208402597034906963551225295545089822763486196263104966
342395475818258633913501079343849053499731229132165902008900
150910815847370450150941910215627662032245139031250764329985
540902442254852064981867858000984703769179541410434287283002
473920542043021499794754563948178460084976452795571944785077
10964788847079837335399889592971258623642963852042080789250
423177982865026483084295018734415384715232797668325197433737
985990629271087845234757194297292730373095902753984940535134
409029211384802240909159926230492379849399246732099112401768
438496268341691123304354850886580300363652547896470546343276
1016512208402597034906963551225295545089822763486196263104966
1024404226778754306766385283659499246426654583598391942622839
473920542043021499794754563948178460084976452795571944785077
150910815847370450150941910215627662032245139031250764329985
993043209433877390590183570690140768042388711640647395604884
540902442254852064981867858000984703769179541410434287283002
672351750549768834054739530795863127552461836180795911696213
1024404226778754306766385283659499246426654583598391942622839
423177982865026483084295018734415384715232797668325197433737
540902442254852064981867858000984703769179541410434287283002
150910815847370450150941910215627662032245139031250764329985
438496268341691123304354850886580300363652547896470546343276
610912299451899584692764908568111347667964039922908167468728
540902442254852064981867858000984703769179541410434287283002
150910815847370450150941910215627662032245139031250764329985
672351750549768834054739530795863127552461836180795911696213
1016512208402597034906963551225295545089822763486196263104966
473920542043021499794754563948178460084976452795571944785077
60297170585572123052020352237020798322507814333723706114193
631136528220450003289496389797344817690502892687634318895631
1026484896522915129481590608975600228006586757270774020591916
