4182119424
12166529024
10510100501
19254145824
10510100501
33554432
23863536599
12762815625
14693280768
14693280768
33554432
9039207968
10510100501
33554432
503284375
33554432
18424351793
21924480357
10510100501
20113571875
21003416576
12762815625
16850581551
16105100000
20113571875
33554432
16850581551
16105100000
33554432
21003416576
12166529024
12762815625
20113571875
33554432
10510100501
24883200000
8587340257
15386239549
164916224
33554432
9509900499
16850581551
22877577568
10510100501
19254145824
12762815625
16105100000
11592740743
33554432
8587340257
14693280768
14693280768
33554432
21003416576
16850581551
17623416832
12762815625
9509900499
20113571875
33554432
23863536599
10510100501
90224199
22877577568
10510100501
33554432
10000000000
12762815625
20113571875
9509900499
21924480357
20113571875
20113571875
10510100501
10000000000
33554432
12762815625
16105100000
33554432
9509900499
14693280768
8587340257
20113571875
20113571875
205962976
33554432
1934917632
16850581551
23863536599
10510100501
22877577568
10510100501
19254145824
33554432
11040808032
8587340257
22877577568
16850581551
19254145824
12762815625
16105100000
11592740743
33554432
21003416576
12166529024
10510100501
33554432
14693280768
8587340257
21003416576
10510100501
19254145824
33554432
21003416576
16850581551
17623416832
12762815625
9509900499
20113571875
33554432
15386239549
16850581551
19254145824
10510100501
33554432
21003416576
12166529024
8587340257
16105100000
33554432
21003416576
12166529024
10510100501
33554432
10510100501
8587340257
19254145824
14693280768
12762815625
10510100501
19254145824
33554432
21003416576
16850581551
17623416832
12762815625
9509900499
20113571875
205962976
33554432
1350125107
19254145824
25937424601
17623416832
21003416576
16850581551
11592740743
19254145824
8587340257
17623416832
12166529024
25937424601
33554432
23863536599
12762815625
14693280768
14693280768
33554432
16105100000
16850581551
21003416576
33554432
9039207968
10510100501
33554432
16850581551
16105100000
33554432
21003416576
12166529024
10510100501
33554432
10510100501
24883200000
8587340257
15386239549
205962976
